0 4 0
0.00567216411335034 3.9995495717598 -0.158550338229688
0.0110887483717668 3.99828146088751 -0.309420471271398
0.016433338470959 3.99623065365239 -0.457743280798926
0.0218040940213225 3.9933727378014 -0.606221764392193
0.0272542515166115 3.98965896587878 -0.756282048048145
0.0328117923083247 3.98503161541423 -0.908632729371714
0.0384899501548841 3.97943135248899 -1.06356350655467
0.0442932138408693 3.97280089288659 -1.22111569206953
0.0502209092972609 3.96508678201892 -1.3811839275143
0.0562693926597523 3.95624016517793 -1.54357843438814
0.0624334089233688 3.94621700508371 -1.70806356993763
0.0687069343868422 3.93497800102343 -1.87438173193143
0.0750836941538686 3.92248835550559 -2.04226804705562
0.0815574733474309 3.90871747274623 -2.2114592131393
0.0881222971362385 3.89363863703752 -2.38169862713972
0.0947725276669062 3.87722869739815 -2.55273916323668
0.101502908884507 3.85946777200346 -2.72434447920392
0.108308579234002 3.84033897831798 -2.89628941711673
0.115185065119645 3.81982819053071 -3.06835986252364
0.122128263373536 3.79792382354286 -3.24035229504523
0.129134417972962 3.77461664158408 -3.41207317806343
0.136200094287169 3.74989958904525 -3.58333827974905
0.143322152863461 3.72376764101344 -3.75397198178277
0.150497723942442 3.69621767109601 -3.92380660899934
0.157724183366903 3.66724833431992 -4.09268179840502
0.164999130216414 3.63685996312831 -4.2604439166832
0.172320366292673 3.60505447473479 -4.42694552951157
0.179685877455277 3.57183528832092 -4.59204492251565
0.187093816734605 3.53720725076593 -4.75560567166134
0.194542489109157 3.5011765697768 -4.9174962598057
0.202030337816388 3.46375075344358 -5.07758973563253
0.209555932060889 3.42493855537922 -5.23576341106833
0.217117955986293 3.38474992471897 -5.39189859335956
0.224715198784292 3.3431959603536 -5.54588034819807
0.232346545823366 3.30028886885503 -5.69759729054925
0.240010970690073 3.25604192562586 -5.8469414001295
0.247707528045982 3.21046943886595 -5.99380785877291
0.255435347213339 3.1635867160028 -6.13809490720921
0.263193626411814 3.11541003227793 -6.27970371903835
0.270981627577285 3.06595660122112 -6.41853828992835
0.278798671701343 3.01524454677805 -6.55450534028168
0.28664413463722 2.96329287688659 -6.68751422981108
0.294517443324077 2.91012145832225 -6.81747688264054
0.302418072387133 2.85575099265538 -6.94430772170178
0.310345541076071 2.80020299318222 -7.06792361133367
0.318299410508511 2.74349976270831 -7.18824380711282
0.326279281189224 2.68566437207786 -7.30518991204998
0.334284790779162 2.62672063935514 -7.41868583838042
0.34231561209144 2.56669310957559 -7.52865777425906
0.350371451294078 2.50560703499403 -7.63503415474302
0.358452046301706 2.44348835576628 -7.73774563650818
0.366557165340537 2.38036368100814 -7.83672507580195
0.374686605672856 2.31626027018269 -7.93190750918317
0.382840192468907 2.25120601477273 -8.02323013664327
0.391017777815626 2.18522942020097 -8.11063230674001
0.39921923985302 2.11835958796504 -8.1940555034082
0.407444482030239 2.05062619795917 -8.27344333414018
0.415693432474513 1.98205949095786 -8.34874151925375
0.423966043467191 1.91269025124078 -8.41989788198677
0.432262291022045 1.84254978934113 -8.48686233917595
0.440582174561912 1.77166992490259 -8.54958689229326
0.448925716690625 1.70008296963277 -8.60802561862638
0.457292963057917 1.62782171034342 -8.66213466240048
0.465683982315835 1.55491939206984 -8.71187222564749
0.474098866165892 1.48140970126431 -8.75719855863529
0.482537729496988 1.40732674905979 -8.79807594967432
0.491000710614829 1.33270505460265 -8.83446871412147
0.499487971564372 1.25757952845429 -8.86634318240197
0.507999698547597 1.18198545606361 -8.89366768686923
0.516536102439717 1.10595848131371 -8.91641254731892
0.525097419407806 1.02953459014786 -8.93455005496886
0.533683911636764 0.952750094281204 -8.94805445470875
0.542295868168513 0.875641615006413 -8.95690192541414
0.550933605861411 0.798246067102793 -8.96107055810663
0.559597470478098 0.720600642860173 -8.96054033172744
0.568287837911272 0.642742796230375 -8.95529308627279
0.577005115558403 0.564710227120805 -8.94531249301817
0.585749743858075 0.486540865846485 -8.93058402153212
0.594522198002497 0.408272857758689 -8.91109490314997
0.603322989842885 0.329944548070396 -8.88683409054164
0.612152670006893 0.251594466900902 -8.85779221296555
0.621011830250019 0.173261314564291 -8.8239615267511
0.629901106066224 0.0949839471290562 -8.78533586049389
0.638821179586685 0.0168013622789552 -8.7419105543799
0.647772782800001 -0.0612473144916393 -8.69368239297423
0.656756701132222 -0.139122843311175 -8.64064953071607
0.665773777431046 -0.216785882952494 -8.5828114092496
0.674824916405483 -0.294197003397511 -8.52016866558903
0.683911089580576 -0.371316697894988 -8.45272302995925
0.693033340836537 -0.448105394455792 -8.38047721196749
0.702192792613275 -0.524523466723566 -8.30343477353863
0.711390652875271 -0.600531244151492 -8.22159998678015
0.720628222948393 -0.676089021407342 -8.1349776746212
0.729906906360469 -0.751157066919447 -8.04357303168209
0.73922821884184 -0.825695630464978 -7.9473914223582
0.748593799671917 -0.899664949689103 -7.84643815252655
0.758005424594247 -0.973025255428519 -7.74071821057632
0.767443903937418 -1.04557560357055 -7.63048731660616
0.776889823071841 -1.11712179814908 -7.51604172547933
0.786332234163009 -1.18754171116752 -7.39760608184784
0.795765473120052 -1.25675775099946 -7.27535591307855
0.805187108063357 -1.32471929853692 -7.14943364982709
0.814596637646551 -1.39139169055453 -7.01995979746262
0.823994676303723 -1.45674941441006 -6.88704060599257
0.833382451176984 -1.5207719707832 -6.75077327357103
0.842761496337999 -1.58344140624935 -6.61124944297658
0.852133470686926 -1.64474087945304 -6.46855753190503
0.861500052634274 -1.70465385978665 -6.32278427447418
0.870862881937214 -1.76316370800797 -6.17401573339969
0.880223530107449 -1.82025348358021 -6.02233795921733
0.889583487821146 -1.87590588342496 -5.86783741538543
0.898944162187098 -1.93010325414921 -5.71060124875205
0.908306879506295 -1.98282764296525 -5.55071745822921
0.917672890888433 -2.03406086676819 -5.38827499662125
0.92704337916464 -2.08378458752961 -5.22336382861512
0.936419466196109 -2.13198038741734 -5.05607496002188
0.945802220080525 -2.17862984018237 -4.88650044813216
0.955192661999938 -2.22371457718792 -4.71473339961704
0.964591772596473 -2.26721634750183 -4.54086796016082
0.974000497844362 -2.30911707204744 -4.36499929855092
0.983419754432102 -2.34939889210197 -4.1872235870023
0.992850434691908 -2.38804421256237 -4.00763797888167
1.00229341112414 -2.42503574043858 -3.82634058460309
1.01174954056757 -2.46035651902356 -3.64343044621469
1.02121966806561 -2.49398995815452 -3.4590075110364
1.03070463047589 -2.52591986093418 -3.27317260460695
1.04020525986708 -2.55613044723196 -3.08602740313617
1.04972238674319 -2.5846063742379 -2.89767440561942
1.05925684313218 -2.61133275429794 -2.70821690574862
1.06880946557268 -2.63629517021865 -2.5177589637418
1.07838109802998 -2.65947968819364 -2.32640537820708
1.08797259477074 -2.68087286847054 -2.13426165815581
1.09758482322374 -2.70046177384823 -1.94143399528144
1.10721866685369 -2.71823397606663 -1.74802923662483
1.1168750280738 -2.73417756012604 -1.55415485775292
1.12655483122322 -2.74828112654939 -1.35991893658549
1.13625902563544 -2.76053379157774 -1.16543012801418
1.1459885888247 -2.77092518526654 -0.970797639469307
1.15574452981854 -2.77944544742765 -0.776131207602966
1.16552789266628 -2.78608522133818 -0.581541076272145
1.17533976015569 -2.79083564511288 -0.387137976023107
1.18499526679531 -2.79365217870077 -0.196693207717429
1.1938585599596 -2.79462277000644 -0.0227300637578878
1.20167709484314 -2.79420215045559 0.129971416977125
1.20889586768726 -2.79275632096707 0.270275188369922
1.21582077692414 -2.79041984105675 0.404205025662424
1.22261781357623 -2.78722683889936 0.534989966370025
1.22938002656089 -2.78317037649016 0.664405216389225
1.23615990824221 -2.77822718292474 0.793419369185243
1.24298647600085 -2.77236879575812 0.922535217348117
1.24987486979672 -2.76556672132293 1.05198093883862
1.25683197957574 -2.75779474931745 1.18182200396633
1.26385983174567 -2.74902985728436 1.31202838685742
1.27095765415787 -2.7392524148191 1.44251545575368
1.27812313935219 -2.72844605478629 1.5731689213906
1.28535321331327 -2.71659740439629 1.70385997333654
1.29264449689795 -2.70369577584974 1.83445433365279
1.29999357606075 -2.68973286549239 1.96481753803363
1.30739715364951 -2.67470248286164 2.09481788905856
1.31485212854944 -2.65860031644724 2.22432798796378
1.32235563095639 -2.64142373573075 2.35322541297936
1.32990503179815 -2.62317162584077 2.48139289851573
1.33749793750067 -2.60384425008263 2.60871823433004
1.34513217697808 -2.58344313559951 2.73509401854179
1.35280578500428 -2.56197097790095 2.86041734482964
1.36051698441886 -2.5394315606367 2.98458947075843
1.36826416856197 -2.51582968763965 3.10751549356971
1.37604588468309 -2.49117112484046 3.22910404720514
1.38386081867732 -2.46546255014469 3.34926702681527
1.39170778127194 -2.43871150976064 3.46791934262765
1.39958569565505 -2.41092637978195 3.58497870260136
1.40749358646852 -2.3821163320776 3.70036542202051
1.41543057005387 -2.35229130373492 3.81400225760321
1.42339584582844 -2.32146196945199 3.92581426352994
1.43138868866945 -2.28963971639262 4.03572866684785
1.4394084421905 -2.25683662110834 4.14367475987495
1.44745451280522 -2.22306542820349 4.24958380744665
1.45552636448362 -2.18833953047621 4.35338896708031
1.46362351411778 -2.15267295031296 4.45502522035969
1.47174552742378 -2.1160803221508 4.55442931405171
1.47989201531605 -2.07857687585062 4.651539709657
1.48806263069898 -2.04017842084888 4.74629654026346
1.49625706562766 -2.00090133097496 4.83864157371829
1.50447504879624 -1.96076252983788 4.92851818126113
1.51271634331803 -1.91977947669992 5.01587131087037
1.52098074476621 -1.87797015276617 5.10064746466921
1.52926807944829 -1.83535304782914 5.18279467981908
1.53757820289104 -1.79194714721592 5.26226251239744
1.54591099851598 -1.74777191899254 5.33900202381665
1.55426637648799 -1.70284730138675 5.41296576939188
1.56264427272219 -1.65719369039541 5.4841077887097
1.57104464803638 -1.61083192754802 5.55238359748651
1.57946748743803 -1.56378328780151 5.61775018063838
1.58791279953672 -1.51606946754548 5.68016598631092
1.596380616074 -1.4677125727001 5.73959092064167
1.60487099156453 -1.41873510689188 5.79598634304702
1.61338400304293 -1.36915995969504 5.84931506184263
1.6219197499125 -1.31901039492845 5.89954133002025
1.63047835389241 -1.26831003900047 5.94663084101552
1.63905995906146 -1.21708286929549 5.99055072431054
1.64766473199694 -1.16535320259819 6.03126954072248
1.65629286200847 -1.11314568355278 6.06875727723485
1.66494456146715 -1.06048527315617 6.10298534123184
1.67362006623149 -1.00739723728541 6.13392655399809
1.6823196361725 -0.953907135261003 6.16155514334655
1.69104355580085 -0.900040808449055 6.18584673523598
1.69979213500055 -0.845824368906502 6.20677834423642
1.70856570987403 -0.791284188074726 6.22432836269647
1.71736464370489 -0.736446885528268 6.23847654845947
1.72618932804575 -0.681339317786463 6.24920401096745
1.73504018393968 -0.625988567197088 6.2564931955807
1.74391766328534 -0.570421930902414 6.2603278659281
1.75282225035744 -0.514666909899359 6.26069308408757
1.76175446349568 -0.458751198206861 6.25757518837721
1.77071485697768 -0.402702672155081 6.2509617685159
1.77970402309324 -0.346549379812627 6.24084163788584
1.78872259444021 -0.290319530569747 6.22720480259924
1.79777124646474 -0.234041484897308 6.21004242703528
1.80685070027246 -0.177743744303464 6.18934679547186
1.81596172574066 -0.121454941512197 6.16511126938701
1.8251051449664 -0.0652038308904856 6.13733023994734
1.83428183609026 -0.0090192791536873 6.10599907513269
1.84349273754202 0.0470697436180501 6.07111406086604
1.85273885276158 0.10303417261592 6.03267233542299
1.86202125545669 0.158844856550584 5.99067181628295
1.87134109546961 0.214472565467066 5.94511111845051
1.88069960533611 0.269887998075806 5.89598946311659
1.89009810763505 0.325061788543135 5.8433065753382
1.89953802324351 0.379964512677296 5.78706256918672
1.90902088063293 0.434566693437934 5.72725781853817
1.91854832636696 0.488838805687432 5.66389281134379
1.9281221369915 0.542751280091308 5.59696798481089
1.93774423254476 0.596274506061858 5.52648353842415
1.94741669196039 0.649378833623924 5.45243922112172
1.95714177069312 0.70203457406354 5.37483408817881
1.96692192096608 0.754211999198819 5.29366622240174
1.97675981512676 0.805881339086964 5.20893241304562
1.98665837270897 0.857012777950821 5.12062778436592
1.99662079193844 0.90757644807192 5.02874536380388
2.0066505865995 0.957542421352922 4.93327557735642
2.01675162941238 1.00688069819918 4.83420565651655
2.02692820337295 1.05556119330442 4.73151893704288
2.03718506290474 1.10355371784656 4.62519402438234
2.04749266232742 1.15067057082293 4.5155790458589
2.05782148421758 1.19673700399819 4.40305758729312
2.06815417715452 1.24164422712258 4.28790932498442
2.07848109555612 1.28532447721567 4.17034416663552
2.08879740041975 1.32773509647094 4.05052578319224
2.09910120391358 1.36884853474406 3.92858753757741
2.10939239599336 1.40864615721643 3.80464313200516
2.1196719099572 1.44711445735949 3.67879365998599
2.12994126754296 1.48424277266528 3.55113224425912
2.14020230064079 1.52002193032956 3.42174706956475
2.15045698383243 1.55444346328791 3.2907233558206
2.16070733601254 1.58749917271102 3.15814463573394
2.17095536475397 1.61918089851905 3.02409357784679
2.18120303688336 1.64948041286968 2.88865251360377
2.19145226493932 1.67838938473359 2.75190377230424
2.20170490309931 1.7058993841542 2.61392989169464
2.21196274861908 1.73200190737488 2.47481374825923
2.22222754636781 1.75668841170801 2.33463863578227
2.23250099500126 1.77995035368824 2.19348831067374
2.24278475391088 1.80177922686261 2.05144701600973
2.25308045045477 1.82216659724289 1.90859949200909
2.26338968720142 1.84110413542547 1.76503097794056
2.27371404905451 1.85858364494524 1.62082720870268
2.28405511020933 1.87459708673882 1.47607440819691
2.29441444094039 1.88913659975194 1.3308592809002
2.30479361424838 1.90219451779636 1.18526900259117
2.31519421241118 1.91376338278187 1.03939121090121
2.32561783349324 1.92383595443944 0.893313996187741
2.3360660978734 1.93240521662586 0.747125893123956
2.34654065485512 1.93946438026548 0.600915873341745
2.35704318942642 1.94500688294464 0.454773339438129
2.36757542924039 1.94902638513095 0.308788120649755
2.37813915189136 1.95151676294346 0.163050470509427
2.38757970007482 1.9524429451676 0.033480183998265
2.39655204128705 1.95219241156288 -0.0890048193315965
2.40510924387444 1.95093240711939 -0.205163147306926
2.41342592897479 1.94875809478972 -0.317385926285473
2.42160693983822 1.94571143068078 -0.427083257764614
2.42971599871243 1.94180880909759 -0.535088611867107
2.43779198665746 1.93705464227244 -0.641888135869896
2.44585854310681 1.931448195573 -0.747755606856963
2.45392988094915 1.92498702676571 -0.852834004154733
2.46201437160787 1.91766866711413 -0.957185674526428
2.47011677785431 1.90949138588804 -1.06082348595535
2.47823965079432 1.90045448381677 -1.16373025614467
2.48638420424323 1.89055835396333 -1.26587086900218
2.49455086037849 1.87980443681685 -1.36719980639941
2.50273958821887 1.86819513534449 -1.4676658011974
2.51095011165798 1.85573372243319 -1.56721468550846
2.51918203562725 1.84242425528179 -1.66579111187493
2.52743492114496 1.82827150203268 -1.76333957479244
2.53570832869039 1.81328088139341 -1.85980500150076
2.54400184214763 1.79745841400284 -1.95513308055205
2.55231508099516 1.7808106836127 -2.04927043316114
2.5606477055236 1.7633448061055 -2.14216469230024
2.56899941803729 1.74506840459131 -2.23376452935617
2.57736996184675 1.72598958913212 -2.32401965246063
2.58575911914193 1.70611693994657 -2.41288079085242
2.59416670839005 1.68545949321259 -2.50029967362502
2.60259258162771 1.66402672880082 -2.58622900754967
2.6110366218503 1.6418285594406 -2.67062245645936
2.61949874060114 1.61887532094834 -2.75343462337445
2.62797887580447 1.59517776324404 -2.83462103579837
2.63647698985272 1.57074704195258 -2.91413813419329
2.64499306794065 1.54559471043843 -2.99194326342778
2.65352711662977 1.51973271216046 -3.06799466688703
2.66207916262316 1.49317337326148 -3.14225148290227
2.67064925172979 1.46592939532748 -3.21467374315762
2.67923744799905 1.43801384826676 -3.28522237275365
2.68784383300724 1.40944016327043 -3.35385919163525
2.6964685052806 1.38022212582412 -3.42054691712212
2.70511157984091 1.35037386874754 -3.48524916731032
2.71377318786227 1.31990986524309 -3.54793046514018
2.7224534764291 1.28884492193922 -3.60855624295049
2.7311526083873 1.25719417191692 -3.66709284735948
2.73987076228187 1.22497306771062 -3.72350754433127
2.74860813237582 1.1921973742768 -3.7777685243013
2.757364928746 1.1588831619253 -3.82984490724691
2.76614137745296 1.12504679920999 -3.87970674759952
2.77493772078263 1.0907049457767 -3.92732503890315
2.78375421755858 1.05587454516747 -3.97267171813072
2.7925911435243 1.02057281758121 -4.01571966957471
2.80144879179604 0.984817252591762 -4.05644272823246
2.810327473387 0.948625601825348 -4.09481568260895
2.8192275178048 0.912015871599934 -4.1308142768614
2.82814927372467 0.875006315530024 -4.16441521221032
2.83709310974146 0.837615427100989 -4.19559614754102
2.84605941520461 0.799861932217768 -4.22433569911792
2.85504860114062 0.761764781733459 -4.25061343933142
2.86406110126872 0.72334314396403 -4.27440989439339
2.87309737311611 0.684616397196028 -4.29570654089266
2.88215789924028 0.645604122194946 -4.31448580111577
2.89124318856696 0.606326094722596 -4.33073103703151
2.90035377785318 0.566802278072654 -4.3444265428289
2.90949023328684 0.527052815634358 -4.3555575358883
2.9186531522349 0.48709802349523 -4.36411014605363
2.92784316515469 0.446958383094676 -4.37007140305987
2.93706093768428 0.406654533941325 -4.37342922195394
2.9463071729301 0.366207266408151 -4.37417238632835
2.95558261397277 0.325637514620673 -4.37229052916568
2.96488804661435 0.284966349454914 -4.36777411106619
2.97422430239419 0.244214971663396 -4.36061439560221
2.98359226190361 0.203404705149148 -4.35080342150819
2.99299285843469 0.162556990409716 -4.33833397137576
3.00242708200297 0.121693378175348 -4.32319953647634
3.01189598379019 0.0808355232680492 -4.30539427727901
3.02140068105993 0.0400051787110737 -4.28491297916684
3.03094236260734 -0.000775809878339716 -4.26175100277913
3.04052229481367 -0.0414855095764182 -4.23590422831633
3.05014182838795 -0.0821019050796311 -4.20736899303821
3.05980240589153 -0.122602903224963 -4.17614202105749
3.06950557015778 -0.162966337052098 -4.14222034437914
3.07925297373848 -0.203169969349247 -4.10560121395142
3.08904638953213 -0.243191495616526 -4.06628199927351
3.09888772277804 -0.283008546371656 -4.02426007483553
3.1087790246344 -0.322598688711983 -3.97953269133923
3.11872250760143 -0.361939427034082 -3.93209682924623
3.1287205631028 -0.401008202797124 -3.88194903170579
3.13877578160309 -0.439782393198168 -3.82908521330172
3.14889097572005 -0.478239308605996 -3.77350044029349
3.15906920689106 -0.516356188574109 -3.7151886770678
3.16931381628115 -0.554110196222126 -3.65414249230487
3.17962846078225 -0.591478410736541 -3.59035271682051
3.19001715516133 -0.62843781769501 -3.52380804306495
3.20048432168476 -0.664965296860662 -3.45449455369599
3.21103484889728 -0.701037607021433 -3.38239516329705
3.22167416169754 -0.736631367360189 -3.30748895289501
3.23240830546879 -0.771723034729155 -3.2297503710488
3.24324404785491 -0.806288876059945 -3.14914826734605
3.25418900290555 -0.840304934958768 -3.06564471331768
3.26525178388187 -0.873746991302215 -2.97919355080238
3.27644219321361 -0.9065905123445 -2.8897385867667
3.2877692209276 -0.938804324605636 -2.7972298155417
3.29916737566391 -0.970151673477409 -2.70224501141637
3.31059654176352 -1.00048664158643 -2.60519241766078
3.3220330650106 -1.02972076012466 -2.50636472243042
3.33346376444835 -1.05780111198776 -2.40597731826058
3.34488201801731 -1.08469637273046 -2.30419458228049
3.35628524969155 -1.11038808573422 -2.20114756598193
3.36767333743225 -1.13486529211689 -2.09694574085837
3.37904761549404 -1.15812127083156 -1.99168472248079
3.39041025583413 -1.18015158833046 -1.88545131405566
3.40176388926405 -1.20095295216527 -1.77832678177194
3.41311137717669 -1.22052255319482 -1.67038897252803
3.42445567725985 -1.23885770157397 -1.56171367815641
3.43579976750236 -1.25595563706715 -1.45237551148034
3.44714660609562 -1.27181344095501 -1.34244846738157
3.45849911324816 -1.28642800557031 -1.2320062813933
3.46986016623426 -1.2997960351039 -1.1211226586573
3.48123260232913 -1.31191406203141 -1.00987142026886
3.49261922636916 -1.32277846998376 -0.898326597308939
3.50402282097868 -1.33238551776482 -0.786562492069499
3.51544615831638 -1.34073136152102 -0.674653719037593
3.52689201269879 -1.34781207341104 -0.562675233759521
3.53836317377189 -1.35362365588923 -0.450702354872742
3.54986246009686 -1.35816205113335 -0.338810782798959
3.56139273313907 -1.36142314535609 -0.227076617466406
3.57295691172895 -1.36340276782244 -0.115576376735392
3.58455798711713 -1.36409668440232 -0.00438701678656907
3.5956477490311 -1.36355801191948 0.10118422027426
3.60630272123535 -1.3619415339369 0.201874836995073
3.61662181039566 -1.35935723286604 0.298626991932716
3.62668342341511 -1.35587997730181 0.392176112253508
3.63654756947543 -1.35156119116865 0.483073470062425
3.64625950623737 -1.34643709597525 0.5717234755613
3.6558532284842 -1.34053418717199 0.658418960917653
3.66535433040909 -1.33387277287041 0.743369949619866
3.67478220804102 -1.32646923034497 0.826725688846903
3.68415170136023 -1.31833743683669 0.908591008524733
3.69347429875223 -1.30948967632099 0.989038273897968
3.70275901322635 -1.29993721644991 1.06811604888536
3.7120130178223 -1.28969067885607 1.14585535675952
3.72124210651315 -1.27876028020246 1.22227420705123
3.73045102949727 -1.26715599225427 1.29738087961153
3.73964373833962 -1.2548876509373 1.37117632031651
3.74882356642658 -1.24196503292085 1.44365590186475
3.75799336291643 -1.22839791118086 1.51481072984654
3.76715559313178 -1.21419609663473 1.58462862181939
3.77631241460764 -1.19936947026311 1.65309484990022
3.785465735361 -1.18392800849732 1.72019271109734
3.79461725907477 -1.1678818036525 1.7859039710925
3.80376852056502 -1.15124108057478 1.85020921415388
3.81292091396326 -1.13401621029471 1.91308812268308
3.82207571538172 -1.1162177212444 1.97451970341765
3.83123410135652 -1.09785630844693 2.03448247271671
3.8403971640256 -1.07894284098885 2.09295461008444
3.84956592375549 -1.0594883680211 2.14991408673975
3.85874133975462 -1.03950412348683 2.20533877434699
3.86792431908293 -1.01900152974066 2.25920653778915
3.87711572437286 -0.997992200197619 2.31149531496009
3.88631638050689 -0.976487941129429 2.36218318588048
3.8955270804445 -0.954500752709021 2.41124843294007
3.90474859035173 -0.932042829390185 2.45866959368825
3.91398165415636 -0.909126559697828 2.50442550730441
3.92322699762863 -0.88576452549439 2.54849535565514
3.93248533206947 -0.861969500779778 2.59085869966985
3.94175735767394 -0.837754450075096 2.63149551162863
3.95104376662696 -0.813132526434499 2.67038620384558
3.96034524597927 -0.788117069124424 2.70751165414284
3.96966248034487 -0.762721601005145 2.74285322843796
3.97899615445574 -0.736959825645968 2.77639280070864
3.98834695560508 -0.710845624202313 2.8081127705494
3.99771557600695 -0.684393052080313 2.83799607849359
4.00710271509771 -0.657616335412451 2.86602621923908
4.01650908180206 -0.630529867365923 2.89218725288569
4.02593539678559 -0.603148204303947 2.91646381426598
4.0353823947141 -0.57548606181908 2.93884112042727
4.04485082653965 -0.54755831065663 2.95930497630161
4.05434146183272 -0.519379972545574 2.97784177858026
4.06385509118021 -0.490966215953862 2.99443851779081
4.07339252866898 -0.462332351784717 3.0090827785565
4.0829546144758 -0.433493829030361 3.02176273799952
4.09254221758509 -0.404466230399711 3.03246716223155
4.10215623865779 -0.375265267936748 3.04118540085586
4.111797613076 -0.345906778646703 3.04790737938513
4.12146731419048 -0.316406720147749 3.05262358945742
4.13116635680074 -0.286781166366683 3.05532507670901
4.14089580090053 -0.257046303298004 3.05600342613649
4.15065675572543 -0.227218424847011 3.05465074475083
4.16045038414371 -0.197313928778958 3.05125964129264
4.17027790743697 -0.167349312797986 3.04582320273939
4.1801406105232 -0.13734117078157 3.03833496729115
4.19003984768256 -0.107306189198552 3.02878889346996
4.19997704885479 -0.0772611437416014 3.01717932490801
4.20995372658761 -0.0472228962081484 3.00350095032929
4.21997148372784 -0.0172083916676132 2.98774875814624
4.23003202196183 0.0127653440428324 2.96991798499444
4.24013715132932 0.0426812064465631 2.95000405741041
4.25028880085609 0.0725220141263655 2.92800252571718
4.26048903047655 0.102270509933208 2.90390898901212
4.27074004444805 0.131909361635774 2.87771900994668
4.28104420649681 0.161421161931575 2.84942801773763
4.29140405698121 0.190788427728449 2.81903119754405
4.30182233241518 0.219993598590971 2.78652336396868
4.31230198776446 0.249019034229019 2.75189881597713
4.32284622201611 0.277847010885009 2.71515116995019
4.3334585076308 0.306459716450998 2.67627316685851
4.34414262462587 0.33483924411605 2.63525644863433
4.35490270021229 0.362967584306353 2.59209129765067
4.36574325513358 0.390826614633699 2.54676633172778
4.37666925814466 0.418398087509584 2.4992681451594
4.38768619044722 0.445663615008891 2.44958088373907
4.39880012239534 0.472604650474472 2.39768573845888
4.41001780544724 0.499202466235661 2.34356033815167
4.42134678322865 0.525438126661376 2.28717801542689
4.43279552678462 0.551292455570251 2.22850691218495
4.44437360076794 0.57674599675938 2.16750887986422
4.45609186965084 0.60177896606607 2.10413811398775
4.46796275637333 0.626371192908635 2.03833944040016
4.48000057065505 0.650502048611708 1.97004613847674
4.49222193130088 0.674150357931513 1.89917713918836
4.50464631754059 0.697294288938794 1.82563336441085
4.51729680098689 0.71991121460585 1.74929286338663
4.53007777410039 0.741771554357709 1.6707683638838
4.54292163744636 0.762719707749667 1.59054432146047
4.55578794147676 0.782663227180622 1.50896296887253
4.56865372794942 0.80154885399794 1.42627032994005
4.58150709060244 0.819347053406764 1.34264850947263
4.59434299276823 0.836042307957838 1.25823769292457
4.60716059913793 0.851627148383592 1.17315085008997
4.61996159685521 0.8660985448309 1.08748343544268
4.63274915221384 0.879455761078339 1.00131972957449
4.64552727105211 0.891699102469315 0.914736957819342
4.65830041340404 0.902829202817546 0.827807952807809
4.67107326720797 0.912846632004767 0.740602870521976
4.68385062092516 0.921751691279592 0.653190294933357
4.69663729732343 0.929544315920852 0.565637949903528
4.70943812489151 0.936224037131309 0.478013160272829
4.72225793231954 0.941789974562198 0.390383153880965
4.73510155712217 0.946240842622659 0.302815263672754
4.74797386302125 0.949574960733041 0.215377067995983
4.760879762925 0.951790261802557 0.128136493680563
4.77382424573613 0.952884295589391 0.0411618978580501
4.78681240610474 0.952854224926508 -0.0454778609858569
4.79972117561182 0.951713704721167 -0.130868253883106
4.8123734925092 0.949530973067577 -0.21377497522529
4.82470667845362 0.946398693921993 -0.293756993392424
4.83671873260056 0.942404841123906 -0.370789677088189
4.84843541908207 0.937622876285653 -0.445035374632897
4.85989233012108 0.932110914314893 -0.516719575658647
4.87112600286125 0.925914119599652 -0.586070474888948
4.88217001347619 0.91906772732809 -0.653293086178622
4.89305362623173 0.911599721486372 -0.718560877454441
4.90380166406558 0.903532925492035 -0.782015628596954
4.91443490309057 0.894886536884522 -0.84377069917525
4.92497064279605 0.885677217357378 -0.903915338523554
4.93542328850291 0.87591985350377 -0.962518952045473
4.94580487726451 0.865628083671004 -1.01963488588067
4.95612552505118 0.854814662652795 -1.07530360604535
4.96639379471084 0.843491715502508 -1.12955528989748
4.97661699315807 0.831670916051167 -1.18241190324855
4.98680140898266 0.819363614360635 -1.23388885050833
4.9969525015441 0.80658092941759 -1.28399628089147
5.0070750513312 0.79333381796679 -1.3327401223945
5.01717327974657 0.779633126749165 -1.38012290243107
5.02725094490423 0.765489632994609 -1.42614440208387
5.03731141865467 0.750914076423955 -1.47080218075826
5.04735774891564 0.735917184964624 -1.51409199974979
5.05739271047593 0.720509695693737 -1.55600816669735
5.06741884672529 0.704702372066883 -1.59654381781355
5.07743850420876 0.688506018188294 -1.63569115087981
5.0874538614772 0.67193149067542 -1.67344161901213
5.09746695337883 0.654989708532973 -1.70978609293291
5.1074796916858 0.637691661356056 -1.74471499775572
5.11749388275867 0.620048416114465 -1.77821842897212
5.12751124280389 0.6020711227213 -1.81028625132155
5.13753341116679 0.583771018552729 -1.84090818345139
5.14756196201478 0.565159432058086 -1.87007387067594
5.15759841469784 0.546247785577996 -1.89777294767876
5.16764424302053 0.527047597471136 -1.92399509263914
5.17770088361857 0.507570483636515 -1.94873007397677
5.18776974360053 0.487828158506928 -1.97196779068087
5.19785220758975 0.467832435579962 -1.99369830700734
5.20794964428146 0.447595227545334 -2.01391188217964
5.2180634126145 0.427128546060926 -2.03259899560811
5.22819486764419 0.406444501224642 -2.04975036804215
5.23834536619384 0.385555300784808 -2.06535697898613
5.24851627235469 0.364473249128293 -2.07941008063811
5.25870896289876 0.343210746082561 -2.09190120854881
5.26892483266531 0.321780285565607 -2.10282218914378
5.27916529997937 0.300194454115912 -2.11216514420254
5.28943181215966 0.278465929333303 -2.1199224923428
5.29972585117356 0.256607478260726 -2.12608694751489
5.3100489394982 0.234631955736602 -2.13065151446935
5.32040264624939 0.212552302747414 -2.13360948111821
5.33078859364412 0.190381544810647 -2.13495440766683
5.3412084638676 0.168132790419087 -2.13468011234701
5.35166400642276 0.145819229578827 -2.13278065353172
5.3621570460487 0.123454132475166 -2.12925030795646
5.37268949130507 0.101050848302965 -2.12408354470996
5.38326334393258 0.0786228043010253 -2.11727499458508
5.39388070911514 0.0561835050337253 -2.10881941429878
5.40454380678878 0.0337465319676581 -2.0987116449928
5.4152549841651 0.0113255433964366 -2.0869465643128
5.42601672966552 -0.0110657252266154 -2.07351903122747
5.43683168849657 -0.0334134604802834 -2.05842382258567
5.44770268013839 -0.0557037696147008 -2.04165556021216
5.45863271806977 -0.0779226785494661 -2.0232086271018
5.46962503211608 -0.10005612912826 -2.00307707097717
5.48068309388479 -0.122089975510791 -1.98125449311073
5.49181064585021 -0.144009979562446 -1.95773391986047
5.50301173477133 -0.165801805076949 -1.9325076538027
5.51429075027986 -0.187451010636518 -1.90556710063262
5.52565246967121 -0.208943040875769 -1.87690256709905
5.53710211018084 -0.230263215867986 -1.84650302408143
5.54864539035088 -0.251396718292506 -1.81435582742258
5.56028860251223 -0.272328577966207 -1.78044638718427
5.57203869895963 -0.293043653225251 -1.7447577734318
5.58390339513091 -0.313526608518563 -1.70727024325185
5.59589129408782 -0.333761887412034 -1.66796066913466
5.60801203793653 -0.353733679988695 -1.62680184263106
5.62027649367374 -0.373425883345296 -1.58376161861997
5.63269698352729 -0.392822053501389 -1.53880185352984
5.64528757352922 -0.411905346510877 -1.49187707382065
5.65806443936106 -0.430658445834408 -1.4429327864031
5.67104633632306 -0.449063471995798 -1.39190330637407
5.68425521203707 -0.467101869052618 -1.33870892279666
5.69771701862151 -0.484754260210739 -1.28325213897019
5.7114628097951 -0.502000261590686 -1.22541259008664
5.72553025528294 -0.518818237999629 -1.16504002293298
5.73994855422033 -0.535165979091648 -1.10202035336315
5.75456024200758 -0.550797866119458 -1.03707998355449
5.76926685502953 -0.56556555724377 -0.97073170636888
5.78400956629054 -0.579383243679756 -0.903336855036539
5.79875530202265 -0.592203757462664 -0.83515305625732
5.81348732865417 -0.604003031552689 -0.766368567057212
5.82819908592234 -0.614770351428847 -0.697126009621601
5.84289023921545 -0.624502397726718 -0.62753837109565
5.85756419687577 -0.633199683299374 -0.557699611028459
5.87222657369792 -0.640864465814947 -0.487691614745618
5.88688425684742 -0.647499552313302 -0.417588716940857
5.90154485152538 -0.653107633494443 -0.347460631159754
5.91621636431289 -0.657690926496576 -0.277374344232519
5.93090703456213 -0.661250992684598 -0.207395344656559
5.94562525782973 -0.663788650724819 -0.137588426255078
5.9603795667266 -0.665303937721707 -0.0680182239836501
5.97517864808325 -0.665796090598647 0.00125041646927521
5.99003138387371 -0.665263531322671 0.0701521694085612
6.00494690875723 -0.663703846146685 0.138621017248067
6.01981647663526 -0.661138189795107 0.206057275336814
6.0343953724351 -0.65765541731988 0.271284978322324
6.04858557437089 -0.65335872318088 0.333841611530637
6.06237118070508 -0.648340965670177 0.393657525246635
6.07577637256176 -0.642677360833425 0.450849717822881
6.08884138191229 -0.636426137171685 0.505605732289809
6.10161001347085 -0.62963180809035 0.55812465562884
6.11412379976868 -0.622328685416453 0.608590429215128
6.12641969461314 -0.614543812708417 0.657162079423913
6.13852953294311 -0.606299171587498 0.703972177591206
6.15048029933205 -0.597613254612105 0.749128909149984
6.16229471100764 -0.588502153698531 0.792719418897751
6.17399187349072 -0.578980301209622 0.83481332503403
6.18558789962869 -0.569060970960442 0.875465927473758
6.19709645022386 -0.558756616881085 0.91472094973994
6.20852918714347 -0.548079103337264 0.952612800408916
6.2198961444124 -0.537039863643936 0.989168401586556
6.23120602827822 -0.525650011068513 1.02440865158528
6.24246645832591 -0.513920418298102 1.05834958935285
6.25368416085895 -0.50186177579909 1.09100332067505
6.26486512418626 -0.489484635853678 1.12237875629553
6.27601472375609 -0.476799446688651 1.15248220240643
6.28713782351647 -0.463816579582285 1.1813178354719
6.29823885855109 -0.450546350852852 1.20888808632594
6.30932190295141 -0.436999040002229 1.23519395287128
6.32039072601897 -0.423184904883987 1.26023525630798
6.33144883921185 -0.409114194504759 1.2840108524168
6.34249953572065 -0.394797159898304 1.30651880680827
6.35354592415191 -0.380244063399975 1.32775654104639
6.36459095748216 -0.365465186574296 1.34772095502462
6.37563745820489 -0.350470836996672 1.36640852979738
6.3866881404059 -0.335271354053716 1.38381541416772
6.39774562936018 -0.319877113900002 1.39993749763357
6.4088124791322 -0.304298533689001 1.4147704717517
6.41989118857665 -0.288546075180559 1.42830988155256
6.43098421607075 -0.272630247815082 1.44055116830198
6.4420939932585 -0.256561611334954 1.45148970463523
6.45322293804864 -0.240350778025933 1.4611208228704
6.46437346707889 -0.224008414645081 1.46943983712709
6.47554800783755 -0.207545244096911 1.47644205972522
6.4867490106186 -0.190972046915692 1.48212281220868
6.49797896047693 -0.174299662609212 1.48647743122419
6.50924038934576 -0.157538990917542 1.48950126938185
6.52053588847826 -0.140700993039641 1.49118969112659
6.53186812137966 -0.123796692880758 1.49153806355524
6.54323983740506 -0.106837178374755 1.49054174201875
6.55465388621147 -0.089833602937574 1.48819605024965
6.56611323327134 -0.0727971871113445 1.48449625464822
6.5776209766795 -0.0557392204630211 1.47943753224225
6.58918036551675 -0.0386710638073294 1.4730149317007
6.60079482007297 -0.0216041518312149 1.46522332662594
6.61246795428242 -0.00454999620636017 1.45605736016507
6.62420360078573 0.0124798107120177 1.44551137976115
6.6360058391104 0.0294735914874436 1.43357936059858
6.64787902755836 0.0464195783750293 1.42025481597038
6.65982783951015 0.0633059071122542 1.40553069239184
6.67185730500851 0.080120609547574 1.38939924678084
6.68397285867767 0.0968516048924857 1.3718519023909
6.69618039528227 0.113486689339722 1.35287907937662
6.70848633454797 0.13001352373607 1.33246999483789
6.72089769727838 0.146419618929491 1.31061242585148
6.73342219534291 0.162692318322053 1.28729242725189
6.7460683388228 0.178818777046337 1.26249399361648
6.75884556455512 0.194785937034395 1.2361986518325
6.7717643916001 0.21058049705241 1.20838496646762
6.78483661091568 0.226188876512833 1.17902793448271
6.79807551896153 0.241597171522502 1.14809823794693
6.81149620838601 0.256791101141109 1.11556131232571
6.82511593385906 0.271755941150463 1.08137617204591
6.83895457826704 0.286476441680727 1.04549391192335
6.85303525511903 0.300936723662812 1.00785576866496
6.86738509918281 0.315120147046339 0.968390574389897
6.88203632258234 0.329009140659046 0.927011352597624
6.89702765405029 0.342584978833602 0.883610676185574
6.91240634612162 0.355827482334732 0.838054190167695
6.92823105059003 0.368714608546897 0.790171328106963
6.94457607049503 0.381221874195087 0.739741578701139
6.96137015512831 0.393206244509332 0.68700481776498
6.9784087542064 0.404452473780935 0.63266123074746
6.9955650189267 0.414834053331193 0.577208271510042
7.01276466831168 0.424281088662746 0.520997408252788
7.02996764023871 0.432758067468653 0.464279303371372
7.04715555243108 0.440249446137014 0.407236964620827
7.06432347500462 0.446750697230378 0.350008937024185
7.08147468154303 0.45226292207922 0.292705047797893
7.09861737546182 0.456789693919258 0.235416888469733
7.11576269402453 0.460335254625069 0.178224705691931
7.1329235258553 0.462903511850691 0.121201898658095
7.1501138415181 0.464497496724987 0.0644179492895745
7.16734834644564 0.465119077077077 0.00794034149800394
7.1846423371486 0.464768804035259 -0.04816416148951
7.20201168776883 0.463445819670379 -0.103828639080669
7.21947292359098 0.461147782659502 -0.158985375283826
7.23685355077023 0.457911352974754 -0.21298068575937
7.25383510882101 0.453850861529629 -0.264761765639418
7.27029271051523 0.449084787789386 -0.313936208354974
7.28620963729889 0.443713536289697 -0.360471431763268
7.30162127914037 0.4378148993768 -0.404501062850262
7.31658322344948 0.43144691044596 -0.446217274174233
7.33115489363741 0.424652566244078 -0.485817368054343
7.34539205367048 0.41746418380846 -0.523480606836984
7.359343980967 0.40990677299546 -0.559360524191092
7.37305292616726 0.402000441619194 -0.593584519462918
7.38655458998521 0.393762035981209 -0.626256473741138
7.39987897334404 0.385206231486783 -0.657460297542515
7.41305129279663 0.376346247235014 -0.687263457969109
7.42609282694942 0.367194311120408 -0.715720105285134
7.43902164614761 0.357761962541985 -0.742873693060487
7.45185321854583 0.348060250709614 -0.768759108038895
7.46460090322171 0.338099866325976 -0.793404372613743
7.47727634699326 0.327891230881976 -0.816831993957317
7.48988980220665 0.317444558943234 -0.839060029524641
7.50245038108776 0.306769903105225 -0.86010292868666
7.51496625983477 0.295877187675234 -0.879972199235268
7.52744484318185 0.284776234865611 -0.898676937398885
7.53989289798394 0.273476785867202 -0.916224251478857
7.55231666254778 0.261988518296997 -0.932619602337017
7.56472193696381 0.250321060976653 -0.947867078560813
7.57711415853314 0.238484006669682 -0.961969619955861
7.58949846548238 0.226486923204016 -0.974929199817653
7.60187975146457 0.214339363283501 -0.986746973996379
7.61426271281276 0.202050873215632 -0.997423402912391
7.62665189010767 0.189631000735196 -1.00695835126305
7.63905170531293 0.177089302072869 -1.01535116907516
7.65146649549881 0.164435348397851 -1.02260075691762
7.66390054400016 0.151678731750127 -1.02870561743317
7.67635810972487 0.138829070568901 -1.0336638948284
7.68884345523476 0.125896014917647 -1.03747340354233
7.70136087415509 0.112889251502567 -1.04013164696701
7.71391471842736 0.0998185085796056 -1.04163582679896
7.72650942589828 0.0866935608454362 -1.04198284333975
7.73914954873548 0.0735242344100789 -1.0411692868242
7.75183978317478 0.0603204119531715 -1.03919141962383
7.76458500113766 0.0470920381726198 -1.03604514893855
7.77739028430944 0.0338491256438017 -1.03172598934243
7.7902609613436 0.0206017612201663 -1.02622901427501
7.80320264895812 0.00736011312261114 -1.01954879525678
7.81622129782194 -0.00586556111367161 -1.01167932723815
7.82932324430116 -0.0190649056389801 -1.00261393804555
7.84251526935684 -0.0322274560049469 -0.992345179339726
7.85580466617285 -0.0453426273216879 -0.980864695814872
7.86919931846482 -0.0583997005250224 -0.968163068495572
7.88270779190649 -0.0713878063499853 -0.954229626868049
7.89633944174813 -0.084295906513051 -0.939052223123736
7.91010454054721 -0.0971127714832483 -0.922616959872016
7.92401443106377 -0.109826954061563 -0.904907860117741
7.93808171090552 -0.122426757774333 -0.88590646484126
7.95232045760822 -0.134900198799011 -0.865591338787957
7.96674650575491 -0.147234959749241 -0.843937458509434
7.98137779185329 -0.15941833310535 -0.820915447447069
7.99623478859159 -0.17143715131699 -0.796490609590175
8.0113410587117 -0.183277699519646 -0.770621693884952
8.02672397158412 -0.194925605225723 -0.743259292727667
8.04241564515874 -0.206365696996188 -0.714343733901914
8.05845420661385 -0.217581820504309 -0.683802256532209
8.07488551439611 -0.228556594760975 -0.651545150839894
8.09176556656334 -0.2392710821287 -0.617460357010777
8.10916396264885 -0.249704330382771 -0.581405699225142
8.12716904394058 -0.259832718111365 -0.543197352859664
8.145895829357 -0.269628984965143 -0.502592038537046
8.16545479091914 -0.279040467105636 -0.45935657029932
8.18548723472811 -0.287795274894678 -0.414329460932346
8.20576424910282 -0.295731380992982 -0.368122153735291
8.22614913658909 -0.302759505903829 -0.321170724428627
8.24656693574544 -0.308835180474814 -0.273784919084098
8.26698243830888 -0.313939882802732 -0.226187529268914
8.28738534889161 -0.318069116849836 -0.178543427615476
8.30778068986271 -0.321225215162245 -0.130979931552435
8.32818280107346 -0.32341314567713 -0.0836006456803516
8.3486117084876 -0.324638141913028 -0.0364946927692562
8.36909101910873 -0.324904397489566 0.0102571888464521
8.38964678921733 -0.32421435578856 0.0565786152976355
8.41030701493527 -0.322568311528894 0.102394855110792
8.43110152956977 -0.319964154991432 0.14763095289475
8.45173276163714 -0.316460526111922 0.191517622977778
8.47177839856757 -0.312199451530076 0.233097198186481
8.49108543591696 -0.30731778614598 0.272057610283723
8.50964750633996 -0.30192535220277 0.308425249128433
8.52752545260458 -0.296103160073701 0.342371543296639
8.54480344142283 -0.289908946991917 0.374109757771296
8.56156742468175 -0.283383761181388 0.403846869708813
8.57789592536263 -0.276557404222716 0.431764821404621
8.59385705047009 -0.269452357721731 0.458015981136458
8.60950839361189 -0.262086429782035 0.482724771687236
8.62489811745919 -0.254474470705875 0.505991504736083
8.64006638904525 -0.246629459111075 0.527896604388062
8.65504679633195 -0.238563179311645 0.548504471455174
8.66986760028342 -0.230286640191116 0.567866746272437
8.68455278355706 -0.221810333558495 0.58602495212807
8.69912290388367 -0.213144394214769 0.603012589208222
8.71359577789173 -0.20429870049735 0.618856773544101
8.72798702513074 -0.195282939088458 0.633579512811022
8.74231050015501 -0.186106648489795 0.647198698156915
8.75657863652458 -0.176779249779422 0.659728876366384
8.77080272221662 -0.167310069748483 0.671181852864506
8.78499312195772 -0.157708359405449 0.681567164440278
8.7991594586334 -0.147983309588499 0.690892451262901
8.81331076323084 -0.138144064701393 0.699163750526034
8.82745560065606 -0.128199735174386 0.706385728520198
8.84160217714058 -0.118159409021195 0.712561863738869
8.85575843372021 -0.108032162738855 0.717694590454766
8.86993212934532 -0.0978270717338848 0.721785409803792
8.88413091650005 -0.0875532204291019 0.724834973584886
8.89836241171472 -0.0772197121956844 0.726843144571032
8.91263426301033 -0.0668356792565191 0.727809036012696
8.92695421608853 -0.0564102927153921 0.727731032110707
8.94133018095441 -0.0459527728803677 0.726606790471664
8.95577030062151 -0.0354724000684658 0.72443322687965
8.97028302359275 -0.0249785261030702 0.721206482076653
8.98487718193949 -0.0144805867466691 0.716921869597674
8.99956207702102 -0.00398811535148584 0.711573803012788
9.01434757521384 0.00648924193803769 0.705155700140618
9.02924421647919 0.0169417090304576 0.697659860860561
9.04426333922508 0.0273593602933079 0.689077313994243
9.05941722576975 0.0377320979196141 0.679397627256326
9.07471927386513 0.0480496255051133 0.668608672361779
9.09018420130593 0.0583014168869963 0.656696334837934
9.10582829279902 0.0684766790264888 0.643644154660445
9.12166970124888 0.0785643073516069 0.629432879121612
9.13772881980348 0.0885528314708001 0.61403990275927
9.15402874698239 0.098430348459 0.597438559820931
9.1705958758848 0.108184439905936 0.579597221193366
9.1874606513165 0.117802067445969 0.560478127714725
9.20465855809698 0.127269439305219 0.54003586155037
9.22223143391456 0.136571837081914 0.518215310485544
9.24022924807937 0.145693386790417 0.494948905406451
9.25871256645945 0.154616749847851 0.470152788615592
9.27775605757898 0.163322695748101 0.443721361482268
9.29745363470485 0.171789493945642 0.415519287655851
9.31792627792881 0.179992018276084 0.385369331105707
9.33933447408074 0.187900371782206 0.353033021643983
9.36189912871736 0.195477662387897 0.318178167790266
9.3854654036178 0.202542956607734 0.281073756591026
9.40958994775019 0.208862082425707 0.24250594465729
9.43399647497699 0.214302022354273 0.203053199409322
9.4585273875683 0.218795086904689 0.163130524871595
9.48310421050911 0.22231220838742 0.123034365726065
9.50769912827246 0.224845225022627 0.0829798158584933
9.53231597722401 0.226395952888389 0.0431285154780352
9.55697820606088 0.226969779351755 0.00360840649005962
9.58172161658882 0.22657204384158 -0.035472729391237
9.6065902673605 0.225206034336835 -0.0740181275615374
9.63163444761166 0.222871857573693 -0.111935837692603
9.65671300148832 0.219595187903697 -0.148848562268453
9.68105340454004 0.215543258632442 -0.183524001000916
9.70435763139174 0.210886568941757 -0.215542626915176
9.72659266508645 0.205761024739768 -0.244917817667512
9.74784647658252 0.200263462686571 -0.271844498838778
9.76824826033425 0.194459548422129 -0.296566246223427
9.78793023144422 0.188393351199795 -0.31931586498885
9.8070119998273 0.182095031802743 -0.340294085708079
9.82559595790836 0.175586166905436 -0.359665753789031
9.84376752786841 0.168883176037687 -0.377563020272198
9.86159724399395 0.161999435470476 -0.394090655663295
9.87914328137352 0.154946545970067 -0.409331417664386
9.89645384872773 0.147735077269537 -0.423350720002211
9.91356924274307 0.140374997783047 -0.436200428323567
9.93052353001205 0.132875919154963 -0.447921840337387
9.94734589053576 0.125247234143841 -0.458547981900524
9.96406167807726 0.117498194442383 -0.468105358929575
9.98069325378307 0.10963795558631 -0.47661528837714
9.99726064286927 0.101675604467208 -0.484094908312654
10 0.100347914998231 -0.485235260776134
