0 2 0
0.01 1.9999 -0.02
0.0266724836343025 1.99928859251536 -0.0533405203031362
0.0496198994560057 1.99753816883079 -0.0992049828537589
0.0776362800502777 1.99397485285999 -0.155129838575695
0.109372258128719 1.98804751757971 -0.218332459556508
0.143678092740758 1.97938758342354 -0.286405612219821
0.179695393168734 1.9677881502006 -0.357512040217986
0.216829765870162 1.95315541267051 -0.430338121091066
0.254688679889661 1.935463552486 -0.503974062677335
0.293021535387354 1.91472279493622 -0.577795635643811
0.331673017489809 1.89095989958642 -0.651370914324336
0.370550128889868 1.86420745342475 -0.724393722291212
0.409600070174129 1.83449855807381 -0.796638600651002
0.448795853213649 1.80186450562484 -0.867931266431064
0.488127138033357 1.76633395666345 -0.938129589386957
0.527594496210035 1.72793277535028 -1.0071114750478
0.567205887926169 1.6866840710766 -1.07476718672061
0.606974561596641 1.64260822014791 -1.1409944775006
0.646917872030203 1.59572275906449 -1.20569547744257
0.687056702777767 1.54604209736176 -1.26877465968329
0.727415302326676 1.49357701947038 -1.33013745298972
0.768021425433605 1.43833394666876 -1.38968922193138
0.808906726404042 1.38031391942711 -1.44733443054082
0.850107391806253 1.31951123995858 -1.50297586112889
0.89166503418358 1.25591168383115 -1.55651378940989
0.933574483192116 1.18957610569876 -1.60778142418148
0.975546093060032 1.12104714283887 -1.65629370162933
1.0174100854498 1.05072570574965 -1.70177380560078
1.05907393698991 0.978911289514755 -1.74407405081438
1.10049337831264 0.905833021225597 -1.78312396886671
1.14165340615996 0.831672281459939 -1.81889764338851
1.18255618686999 0.756578600573674 -1.85139381038411
1.22321351744525 0.680680551177007 -1.88062408251682
1.263642223081 0.604093074278328 -1.90660619470204
1.30386141151018 0.526922335094067 -1.92936028088868
1.34389088388298 0.44926890175007 -1.94890694036827
1.38375025605182 0.371229802316124 -1.96526633472599
1.42345850984721 0.292899840476102 -1.97845785958711
1.46303380009038 0.214372426057093 -1.9885001218772
1.502493410263 0.135740090965256 -1.99541106641112
1.54185379186081 0.0570948029820131 -1.99920816322901
1.58113064864245 -0.0214718489838836 -1.99990860692207
1.62033904314809 -0.0998685503019177 -1.99752950224584
1.65949351276707 -0.178004205647011 -1.99208802336208
1.6986081886581 -0.255787913559569 -1.98360154117636
1.73769691446634 -0.333128957495745 -1.97208771690903
1.77677336397365 -0.409936804809622 -1.95756456171012
1.81585115814787 -0.486121107917252 -1.940050462657
1.85494398288763 -0.561591703604746 -1.9195641753454
1.89406570932247 -0.636258607433815 -1.89612478276571
1.93323051897055 -0.710032000707059 -1.86975161938317
1.97245303647724 -0.7828222076292 -1.84046415836283
2.01174847313133 -0.85453966022532 -1.8082818586963
2.05113278494251 -0.925094848295572 -1.77322396755284
2.0906228498283 -0.994398251208544 -1.73530927141165
2.13023666947303 -1.06236024764598 -1.69455578731224
2.16999360278328 -1.1288909984672 -1.65098038270953
2.20991463970294 -1.19390029658923 -1.60459830868807
2.25002272665581 -1.2572973760654 -1.5554226263137
2.29034315832572 -1.31899067022333 -1.50346349915282
2.33090405526952 -1.37888750554084 -1.44872731568662
2.37173695359775 -1.43689371351857 -1.3912155923066
2.41287754259569 -1.49291313657334 -1.33092358897695
2.45436660017727 -1.5468469950263 -1.26783854262033
2.49625119685695 -1.59859306916262 -1.20193738320805
2.53823558175194 -1.64764676000936 -1.13376211585522
2.58013340932874 -1.69370276706079 -1.06373417714026
2.62184168024721 -1.73659611469244 -0.992167537999251
2.66330970485821 -1.77624621978534 -0.919301263382597
2.70451867254256 -1.81262148380999 -0.845323421253841
2.74546858423086 -1.8457176150646 -0.770387972145289
2.78617008095523 -1.87554473976622 -0.694626385765302
2.82663943847015 -1.90211996889056 -0.61815547641141
2.8668955693144 -1.92546327059982 -0.54108260825737
2.90695827806771 -1.94559530140755 -0.463509109657023
2.94684728807262 -1.96253637035974 -0.385532486865962
2.98658173623313 -1.9763060388859 -0.307247842766306
3.02617994703039 -1.98692306171471 -0.228748774518815
3.06565936949152 -1.99440549744368 -0.150127932811389
3.10503660641409 -1.99877089115997 -0.0714773633256171
3.14432749351847 -2.00003647509648 0.00711129054721064
3.18354720373167 -1.99821935862003 0.0855466722737306
3.22271036256053 -1.99333669322908 0.163737650657228
3.26183116706044 -1.98540580615049 0.241593290627892
3.30092350486563 -1.97444430024959 0.319022842335279
3.34000107213066 -1.96047011990149 0.395935739374564
3.37907749067423 -1.94350158314819 0.472241600019647
3.41816642550973 -1.92355738042371 0.5478502272012
3.45728170454065 -1.90065653966305 0.622671604060307
3.49643744265174 -1.87481835687552 0.696615882486074
3.53564817284398 -1.84606229031912 0.769593362269015
3.57492898751854 -1.81440781526804 0.841514458465578
3.61429569357623 -1.77987423498094 0.912289654322201
3.65376498572511 -1.74248044177981 0.981829436665183
3.69335464335093 -1.70224462002414 1.05004421001384
3.73308375759466 -1.65918388004579 1.11684418478068
3.77297299702053 -1.61331380856265 1.18213923371701
3.81304492262346 -1.56464791637418 1.24583870914007
3.85332436616958 -1.51319695776755 1.30785121128349
3.89383889036471 -1.45896808730208 1.36808429511117
3.93461935566866 -1.40196380739596 1.42644409877794
3.97570062758938 -1.34218064273221 1.48283487107272
4.01712247136319 -1.27960745229565 1.53715836681524
4.05893070024241 -1.21422325262349 1.58931306697993
4.1008956007536 -1.14645873221163 1.63886839280179
4.14280747160361 -1.07676375426864 1.6854792009816
4.18454831183961 -1.00547241468963 1.72895592151607
4.22605806271819 -0.932837640750611 1.76920328407318
4.26731221455704 -0.859056859292677 1.80618120174924
4.3083074029865 -0.784290252758971 1.83988066055988
4.34905235884145 -0.708673376174687 1.87030929203337
4.38956233821729 -0.632325698119261 1.89748299247212
4.42985576779698 -0.555356291280469 1.92142122427375
4.46995227772482 -0.477867574570627 1.94214450994398
4.50987159142013 -0.399957745316115 1.95967320180672
4.54963293719443 -0.321722342012465 1.97402697301611
4.5892547725106 -0.243255236060944 1.98522470023054
4.62875469177964 -0.164649251955607 1.99328454532807
4.6681494389453 -0.0859965478806149 1.99822412588749
4.70745497751426 -0.00738884330716869 2.00006071295129
4.74668659013388 0.0710824499551906 1.99881142303865
4.78585899176903 0.149326156617345 1.99449338763196
4.82498644782015 0.227251302962775 1.98712389238023
4.86408289294078 0.304767102722402 1.97672048303569
4.90316204897558 0.381782953737676 1.96330103744917
4.94223754204702 0.458208438742688 1.9468838038426
4.98132301980901 0.533953325672716 1.92748740565899
5.02043227053181 0.608927564138253 1.90513081289971
5.05957934615907 0.683041275374473 1.87983327917242
5.09877869189949 0.756204733264201 1.85161424277062
5.13804528536329 0.82832833404436 1.82049318900154
5.17739478879281 0.899322552098953 1.78648946964513
5.2168437186283 0.969097878837829 1.74962207379496
5.25640963756331 1.03756474105321 1.70990934229679
5.29611137546509 1.10463339430248 1.66736861540645
5.33596928718062 1.17021378572495 1.62201579991652
5.37600555748247 1.23421537916568 1.57386483753334
5.41624456646708 1.29654693340537 1.5229270502649
5.45671333295145 1.35711622146572 1.46921033032877
5.49744205934608 1.41582967504926 1.41271813059453
5.53846480991599 1.47259193268972 1.3534481952853
5.57982036653014 1.52730526236997 1.2913909471577
5.62155332394331 1.57986881800566 1.22652741279316
5.6635000939055 1.62992776675874 1.15917796209834
5.70542753719177 1.67709650145517 1.08982039254106
5.74720254202991 1.72116036028346 1.0188087274889
5.78875559551272 1.76200904767567 0.946409692755199
5.83005643544288 1.79959378117508 0.872830065516789
5.87109830428586 1.83390070887253 0.79823626082426
5.91188801223746 1.86493491057626 0.722767933642074
5.95243979595289 1.89271104603678 0.646547219666225
5.99277160238607 1.9172480697759 0.569684909615751
6.03290289622535 1.93856637838445 0.49228451928219
6.07285341096114 1.95668638006873 0.414444940831248
6.11264247628719 1.97162787357975 0.336262150291724
6.15228869207136 1.98340987089655 0.257830293975284
6.19180980674957 1.99205064922168 0.179242370059974
6.23122271321219 1.99756790896127 0.100590648648301
6.27054350974743 1.99997896850838 0.0219669244743869
6.30978759499504 1.99930095833344 -0.0565373362699062
6.34896977902906 1.99555099507285 -0.134830915068418
6.38810440073264 1.98874632646875 -0.212822800322582
6.4272054465093 1.97890444345468 -0.290422169956906
6.4662866683195 1.9660431583775 -0.367538386478593
6.50536170080823 1.95018064946143 -0.444080997273449
6.54444417837704 1.93133547182955 -0.519959735210169
6.58354785375359 1.90952653508376 -0.595084515996932
6.62268672011263 1.88477304680747 -0.669365429498847
6.66187513922942 1.85709442049186 -0.742712722577738
6.70112797858554 1.82651014532232 -0.815036771075693
6.74046076086508 1.79303961397452 -0.886248038396397
6.77988982993868 1.75670190300028 -0.956257017771682
6.81943253829913 1.71751549843331 -1.02497415473349
6.85910746206888 1.67549795676925 -1.09230974551594
6.89893465125556 1.63066548826713 -1.15817380603294
6.93893592504068 1.58303244528461 -1.22247590462472
6.9791352247698 1.53261069266992 -1.28512494980667
7.01955904129391 1.47940882946067 -1.34602892158527
7.06023693887827 1.42343122034484 -1.4050945312275
7.10120220578567 1.36467678009057 -1.46222678922663
7.14249267300909 1.30313743222454 -1.51732845389708
7.18415175930384 1.23879613109546 -1.57029932244886
7.22608184179921 1.17186436751566 -1.62086174981929
7.26802634883093 1.10284726554617 -1.66858919821378
7.30983700427793 1.03211849680071 -1.71324150906837
7.35143479065572 0.959958466041851 -1.75469307796441
7.39278366102093 0.886583254977649 -1.79288625124141
7.4338734495672 0.81216549742112 -1.82780224138917
7.47470904288713 0.736848946888431 -1.85944352948294
7.51530366262933 0.660758408657433 -1.88782352226826
7.55567478436665 0.584006394318507 -1.91296066710527
7.59584171733453 0.506697518583277 -1.93487524416306
7.63582421541096 0.428931369490182 -1.95358773079502
7.67564171957523 0.350804360773216 -1.96911806553441
7.71531298124756 0.272410913201101 -1.98148540925701
7.75485591116465 0.193844197780612 -1.99070816670788
7.79428755857857 0.115196595454563 -1.99680413167611
7.83362416318946 0.0365599750520383 -1.99979067873464
7.87288124558081 -0.0419741440157851 -1.99968495946404
7.91207371632316 -0.120314501096516 -1.99650408124884
7.95121599272072 -0.198370047679156 -1.99026525807038
7.99032211752637 -0.276049926691948 -1.98098592884769
8.02940587718135 -0.353263465925322 -1.96868384197099
8.06848091908358 -0.429920177809131 -1.95337710601507
8.10756086857555 -0.505929760277662 -1.93508420695989
8.1466594470964 -0.581202094968497 -1.91382399200812
8.18579059346865 -0.655647239859814 -1.88961561950197
8.22496859072366 -0.729175413868376 -1.86247847361615
8.26420820130004 -0.801696971038053 -1.83243204147737
8.30352481394861 -0.873122361820038 -1.79949574911791
8.34293460630512 -0.943362078615474 -1.76368875116056
8.38245472791453 -1.01232658222239 -1.72502966726181
8.42210350958582 -1.07992620507896 -1.68353625597596
8.46190070642785 -1.14607102617425 -1.63922501365037
8.50186778390868 -1.21067071112309 -1.59211068194612
8.54202825899922 -1.27363430904945 -1.5422056421992
8.58240811220863 -1.33486999540438 -1.4895191675118
8.62303629154378 -1.39428474638298 -1.43405649331994
8.66394533681225 -1.45178392577769 -1.37581765290175
8.70517216329645 -1.50727075826604 -1.31479600382368
8.74675905933329 -1.56064565326636 -1.25097634142922
8.78867396311116 -1.61170928894104 -1.18446313441984
8.83063696337943 -1.65999389165049 -1.11578812044267
8.8724846224791 -1.70523349983592 -1.04534426305467
8.91412840326307 -1.74728697538464 -0.973425472651007
8.95552646346957 -1.7860876520327 -0.900257053255932
8.99666522687545 -1.82161172849588 -0.826017819364056
9.03754766101915 -1.8538590508839 -0.750855605723932
9.07818598112134 -1.88284176219937 -0.674897879287093
9.11859720181707 -1.90857780619999 -0.598258868653835
9.15880048776487 -1.93108735740425 -0.521044285196192
9.19881562371334 -1.95039097605087 -0.443354411113472
9.23866217160874 -1.96650875474764 -0.365286096269371
9.27835904315528 -1.97946001682733 -0.286934034321856
9.31792431917362 -1.9892633067864 -0.208391567532501
9.35737521219221 -1.99593652241264 -0.12975118613027
9.39672810948507 -1.99949710344206 -0.051104831539411
9.43599865911615 -1.9999622299746 0.0274559250225946
9.47520187719073 -1.99734900607533 0.105839782065236
9.5143522640941 -1.9916746165222 0.183955655323277
9.55346392332273 -1.98295645149106 0.261712653722846
9.59255068003232 -1.97121219746693 0.339020071142103
9.63162619854715 -1.9564598942453 0.415787385640662
9.67070409936184 -1.93871795836027 0.49192426055064
9.70979807697498 -1.91800517311507 0.567340543475682
9.74892202044593 -1.89434064485249 0.641946260196491
9.78809013900562 -1.86774372431406 0.715651600963556
9.82731709547591 -1.8382338909454 0.788366896812313
9.86661815073245 -1.80583059680475 0.86000258344531
9.90600932304471 -1.77055306527584 0.930469149930339
9.9455075669073 -1.73242003799121 0.999677068971485
9.98513097701437 -1.69144946111153 1.06753670480348
10 -1.67538925385204 1.09256889602526
