--- PART A ---
generating random matrix A...
A given by:
      24.9       11.1       46.7       77.2       65.8       43.3       35.4       94.4       10.1       64.2 
      2.86       24.8         32         99       68.2       65.5       28.3       61.5       70.4       70.2 
        95       9.34       16.1       38.2       79.8       16.9       79.4       30.7       82.3       88.6 
      55.6       71.7       69.9       1.36       99.2       80.6       85.9       6.25       51.4       52.5 
      27.3       99.4       69.1       38.7       43.4       67.5       67.7       47.3       24.5       35.3 
      52.6       16.9       34.7       69.2       39.5       15.5         95        8.5       97.4       48.8 
      63.9       4.69       12.1       21.5       8.62       31.2       54.9       30.6       99.8       87.6 
      79.6         22       10.1       17.9       42.9       95.6       40.2       77.4       94.8       12.3 
      49.2       32.1       6.27         47         36       38.7         37       0.76       61.8       83.7 
      85.6       77.4       8.88       2.63       88.6       22.6       87.3       47.6         30       12.2 
      12.7       37.1       47.5       36.9       55.7       30.6       6.85       16.8       26.3       43.9 
      75.3       17.6       13.7       85.1       99.6       31.8       98.4       65.1       85.5       69.9 
      94.2       54.1       68.8       16.1       1.94       2.24       13.1       7.46       29.3       20.3 
       8.3       92.6       47.4       82.5       99.6       12.1       84.6       69.4       91.2       5.42 
      31.8       20.3       74.5       17.9       8.36       68.1       63.6       23.8       3.04       56.8 
      24.2       22.2       62.2       60.1       18.1       58.6       68.3       31.4       34.9       53.5 
      17.5       99.4       87.5       5.97       35.6       82.7       70.2       31.2       85.5       87.5 
      47.2         29       73.9         80       38.1       73.9       79.6       50.9       7.77       33.8 
      38.6       89.4       4.42       72.5       96.1       86.1       30.4       87.3       64.5         41 
      43.8       53.2       34.5       37.7         88       32.5       32.8       68.5       82.3       25.7 
      97.9       32.4       38.2       15.6        9.6       95.2       48.3       82.1         22       44.1 
      78.9       17.4       23.6       1.09       14.9       28.1         95         15       9.85       49.5 
      52.3       82.9       66.8       44.5       43.6         94       94.5       36.2       92.1       5.63 
      41.2       11.1       68.6       82.1       35.9        6.2       51.1       88.9       62.9      0.949 
      37.9       48.3       65.2       20.3       62.1       26.4       29.6       33.4       22.9       59.9 
      37.5       17.7       58.7       32.8       73.4         15       65.6       93.8       71.9       15.6 
     0.623       12.1         90       16.4          3       67.8       48.9       41.5       65.2       8.67 
        77        6.1       52.2       8.91       11.6       3.99       17.7       46.5       82.4       17.2 
      64.4       61.2       13.3       32.2       68.1       23.4       52.4       35.7       8.73       20.9 
      40.6       57.4       16.9       47.2      0.326       25.8       58.2       48.8       17.3       94.3 
Running QR deocomposition...
Check that R is upper triangular, R =
       306        181        178        161        221        199        284        211        252        206 
         0        211        115       84.4        137        124        107       81.9         86       60.1 
         0          0        182       63.8       2.98         74         70       61.5       60.1       43.5 
         0          0          0        190        103       26.1       58.8        107       85.7       68.6 
         0          0          0          0        148      -8.41         24       34.4       46.4      -5.84 
         0          0          0          0          0        158       17.3       33.2         19       40.3 
         0          0          0          0          0          0        133        -31       21.6       25.3 
         0          0          0          0          0          0          0        127       11.6      -44.6 
         0          0          0          0          0          0          0          0        173       8.87 
         0          0          0          0          0          0          0          0          0        154 

 Check that QTQ is the identity matrix by using Approx method: 
 QTQ = 1: True
Check that QR = A
QR = A: True
Testing solve method with a random matrix A and vector b...
A given by:
      88.1       68.2       14.2       82.9       31.4       65.6       49.8       21.2       69.4       97.3 
      11.4       54.7       51.2       39.5       98.8       57.8       48.3       79.6       15.4       13.1 
      44.3       68.1       19.6       89.2       4.93       8.58       85.8       45.7       68.8       29.1 
      39.7       76.2         93       99.1       49.4       36.8       57.8       2.69       14.5       39.3 
      21.4         46       62.3         96       60.9         27      0.424      0.584       37.7       78.9 
      55.4         24       46.1       63.2       42.2       60.6       41.2       35.4       23.7       28.5 
      23.3         15         75       46.5       99.6       8.46       11.5       21.7       12.7       98.7 
      20.7       46.7       73.6       26.9       8.92       47.7       58.8       45.3       68.3       91.4 
      75.2       20.9         69       53.1       86.1       94.5       97.2       61.5       79.1       15.7 
      31.3       22.7       47.2         21       14.4       27.4         92       89.1         16       66.2 
b given by:      77.6       19.2       32.8       88.1       23.6       64.4         90       93.4       9.18       95.1 
solution x given by:       3.58       1.54        2.3      -1.37     -0.926      -1.79      -2.21       1.75     -0.225     -0.278 
Check that Ax = b
Ax = b : True


--- PART B ---
Calculating inverse of matrix A...
Check that A*A^-1 = I
A*A^-1 = 
         1   1.67e-16  -6.66e-16   5.83e-16  -1.33e-15  -1.55e-15  -1.11e-16   4.44e-16      5e-16  -6.66e-16 
  2.64e-16          1   1.94e-16   3.64e-16  -2.22e-16      5e-16   1.25e-16  -6.94e-17  -4.16e-17  -3.61e-16 
  -2.5e-16   1.53e-16          1   5.24e-16  -2.22e-16  -8.88e-16  -1.11e-16  -1.11e-16  -2.78e-16  -6.66e-16 
     5e-16   2.91e-16  -1.67e-16          1  -5.55e-16  -1.11e-15   2.78e-17  -2.22e-16   6.11e-16  -3.33e-16 
  1.11e-16  -4.44e-16  -1.11e-16  -6.25e-16          1   8.88e-16   1.67e-16  -2.78e-16   2.22e-16  -2.22e-16 
 -6.66e-16      5e-16   2.78e-16   3.37e-16  -5.55e-17          1  -3.61e-16  -8.33e-17  -4.16e-16  -4.44e-16 
 -3.33e-16   3.33e-16          0   3.61e-16   6.66e-16          0          1  -1.11e-16     -5e-16  -2.22e-16 
         0   3.89e-16   2.22e-16   3.75e-16  -2.22e-16   6.66e-16   3.33e-16          1  -5.55e-17          0 
  2.78e-17  -5.13e-16  -4.72e-16   2.12e-16   2.78e-17  -7.22e-16  -4.86e-16   1.39e-17          1  -1.39e-16 
  4.44e-16  -4.16e-16  -5.55e-16  -2.08e-16  -6.66e-16   8.88e-16   5.55e-17  -5.55e-17   5.55e-16          1 
A*A^-1 = I: True
